X: 9.83337
Z: 0.453764
Y: 1.38389
