X: 10.6788
Z: -1.43605
Y: 2.75487
