X: 2.49693
Z: - 0.602805
Y: 1.36283
