# Exported from Wings 3D 1.5.4
mtllib Magic Mirror.mtl
o Magic Mirror Base
#24 vertices, 20 faces
v -0.50000000 -1.2061533e-3 3.7374548e-2
v -0.50000000 7.5094210e-3 0.13699402
v -0.50000000 1.99118324 -0.13693694
v -0.50000000 1.99989882 -3.7317468e-2
v 0.50000000 -1.2061533e-3 3.7374548e-2
v 0.50000000 7.5094210e-3 0.13699402
v 0.50000000 1.99118324 -0.13693694
v 0.50000000 1.99989882 -3.7317468e-2
v -0.45000000 1.95008908 -3.2959681e-2
v -0.45000000 5.7319156e-2 0.13263623
v 0.45000000 5.7319156e-2 0.13263623
v 0.45000000 1.95008908 -3.2959681e-2
v -0.45000000 1.94398818 -0.10269331
v -0.45000000 5.1218254e-2 6.2902601e-2
v 0.45000000 5.1218254e-2 6.2902601e-2
v 0.45000000 1.94398818 -0.10269331
v -0.45000000 1.94921752 -4.2921628e-2
v -0.45000000 5.6447598e-2 0.12267428
v 0.45000000 5.6447598e-2 0.12267428
v 0.45000000 1.94921752 -4.2921628e-2
v -0.45000000 1.94939184 -4.0929239e-2
v -0.45000000 5.6621910e-2 0.12466667
v 0.45000000 5.6621910e-2 0.12466667
v 0.45000000 1.94939184 -4.0929239e-2
vt 8.2217020e-3 0.62355660
vt 8.2217020e-3 1.6443404e-2
vt 9.7394849e-3 0.78831307
vt 9.7394849e-3 0.85168693
vt 9.7394849e-3 0.81168693
vt 9.7394849e-3 0.82831307
vt 2.8221702e-2 0.95241109
vt 2.8221702e-2 0.89758891
vt 2.8221702e-2 0.98276674
vt 2.8221702e-2 0.86723326
vt 4.3399532e-2 0.93723326
vt 4.3399532e-2 0.91276674
vt 0.31026052 0.81168693
vt 0.31026052 0.82831307
vt 0.31026052 0.78831307
vt 0.31026052 0.85168693
vt 0.31177830 0.62355660
vt 0.31177830 1.6443404e-2
vt 0.31660047 0.93723326
vt 0.31660047 0.91276674
vt 0.32339953 1.1621234e-2
vt 0.32339953 0.58837877
vt 0.33177830 0.86723326
vt 0.33177830 0.95241109
vt 0.33177830 0.89758891
vt 0.33177830 0.98276674
vt 0.35278336 0.63831307
vt 0.35278336 0.66168693
vt 0.35278336 0.70168693
vt 0.35278336 0.67831307
vt 0.41162127 0.72339962
vt 0.41162127 0.99660056
vt 0.59660047 1.1621234e-2
vt 0.59660047 0.58837877
vt 0.60339953 1.1621234e-2
vt 0.60339953 0.58837877
vt 0.87660047 1.1621234e-2
vt 0.87660047 0.58837877
vt 0.89881666 0.61355660
vt 0.89881666 6.4434039e-3
vt 0.92917232 6.4434039e-3
vt 0.92917232 0.61355660
vt 0.94435015 2.1621234e-2
vt 0.94435015 0.59837877
vt 0.94764985 0.59837877
vt 0.94764985 2.1621234e-2
vt 0.96282768 0.61355660
vt 0.96282768 6.4434039e-3
vt 0.98721664 0.67831307
vt 0.98721664 0.70168693
vt 0.98721664 0.66168693
vt 0.98721664 0.63831307
vt 0.98837880 0.72339962
vt 0.98837880 0.99660056
vt 0.99318334 0.61355660
vt 0.99318334 6.4434039e-3
vn 0.0000000e+0 -0.99619470 8.7155743e-2
vn 0.0000000e+0 -8.7155743e-2 -0.99619470
vn -1.00000000 0.0000000e+0 0.0000000e+0
vn 0.0000000e+0 -0.99619470 8.7155743e-2
vn -1.00000000 0.0000000e+0 0.0000000e+0
vn 2.8467257e-16 8.7155743e-2 0.99619470
vn 0.0000000e+0 8.7155743e-2 0.99619470
vn 0.0000000e+0 0.99619470 -8.7155743e-2
vn 0.0000000e+0 -8.7155743e-2 -0.99619470
vn -1.00000000 0.0000000e+0 0.0000000e+0
vn 0.0000000e+0 0.99619470 -8.7155743e-2
vn -1.00000000 0.0000000e+0 0.0000000e+0
vn 2.8467257e-16 8.7155743e-2 0.99619470
vn 0.0000000e+0 8.7155743e-2 0.99619470
vn 0.0000000e+0 -0.99619470 8.7155743e-2
vn 0.0000000e+0 -8.7155743e-2 -0.99619470
vn 1.00000000 0.0000000e+0 0.0000000e+0
vn 0.0000000e+0 -0.99619470 8.7155743e-2
vn 1.00000000 0.0000000e+0 0.0000000e+0
vn 0.0000000e+0 8.7155743e-2 0.99619470
vn -2.8467257e-16 8.7155743e-2 0.99619470
vn 0.0000000e+0 0.99619470 -8.7155743e-2
vn 0.0000000e+0 -8.7155743e-2 -0.99619470
vn 1.00000000 0.0000000e+0 0.0000000e+0
vn 0.0000000e+0 0.99619470 -8.7155743e-2
vn 1.00000000 0.0000000e+0 0.0000000e+0
vn -2.8467257e-16 8.7155743e-2 0.99619470
vn 0.0000000e+0 8.7155743e-2 0.99619470
vn 2.8467257e-16 8.7155743e-2 0.99619470
vn 0.0000000e+0 8.7155743e-2 0.99619470
vn 1.00000000 0.0000000e+0 0.0000000e+0
vn 0.0000000e+0 -0.99619470 8.7155743e-2
vn 2.8467257e-16 8.7155743e-2 0.99619470
vn 0.0000000e+0 8.7155743e-2 0.99619470
vn 1.00000000 0.0000000e+0 0.0000000e+0
vn 0.0000000e+0 0.99619470 -8.7155743e-2
vn 0.0000000e+0 8.7155743e-2 0.99619470
vn -2.8467257e-16 8.7155743e-2 0.99619470
vn 0.0000000e+0 0.99619470 -8.7155743e-2
vn -1.00000000 0.0000000e+0 0.0000000e+0
vn -2.8467257e-16 8.7155743e-2 0.99619470
vn 0.0000000e+0 8.7155743e-2 0.99619470
vn -1.00000000 0.0000000e+0 0.0000000e+0
vn 0.0000000e+0 -0.99619470 8.7155743e-2
vn 0.0000000e+0 8.7155743e-2 0.99619470
vn 1.00000000 0.0000000e+0 0.0000000e+0
vn 0.0000000e+0 -0.99619470 8.7155743e-2
vn 0.0000000e+0 8.7155743e-2 0.99619470
vn 1.00000000 0.0000000e+0 0.0000000e+0
vn 0.0000000e+0 0.99619470 -8.7155743e-2
vn 0.0000000e+0 8.7155743e-2 0.99619470
vn 0.0000000e+0 0.99619470 -8.7155743e-2
vn -1.00000000 0.0000000e+0 0.0000000e+0
vn 0.0000000e+0 8.7155743e-2 0.99619470
vn -1.00000000 0.0000000e+0 0.0000000e+0
vn 0.0000000e+0 -0.99619470 8.7155743e-2
vn 0.0000000e+0 -8.7155743e-2 -0.99619470
vn -1.00000000 0.0000000e+0 0.0000000e+0
vn 0.0000000e+0 0.99619470 -8.7155743e-2
vn 0.0000000e+0 -8.7155743e-2 -0.99619470
vn -1.00000000 0.0000000e+0 0.0000000e+0
vn 0.0000000e+0 -0.99619470 8.7155743e-2
vn 0.0000000e+0 -8.7155743e-2 -0.99619470
vn 0.0000000e+0 -0.99619470 8.7155743e-2
vn 1.00000000 0.0000000e+0 0.0000000e+0
vn 0.0000000e+0 -8.7155743e-2 -0.99619470
vn 1.00000000 0.0000000e+0 0.0000000e+0
vn 0.0000000e+0 0.99619470 -8.7155743e-2
vn 0.0000000e+0 8.7155743e-2 0.99619470
vn -1.00000000 0.0000000e+0 0.0000000e+0
vn 0.0000000e+0 0.99619470 -8.7155743e-2
vn 0.0000000e+0 8.7155743e-2 0.99619470
vn -1.00000000 0.0000000e+0 0.0000000e+0
vn 0.0000000e+0 -0.99619470 8.7155743e-2
vn 0.0000000e+0 8.7155743e-2 0.99619470
vn 0.0000000e+0 -0.99619470 8.7155743e-2
vn 1.00000000 0.0000000e+0 0.0000000e+0
vn 0.0000000e+0 8.7155743e-2 0.99619470
vn 1.00000000 0.0000000e+0 0.0000000e+0
vn 0.0000000e+0 0.99619470 -8.7155743e-2
g Magic Mirror Base_Magic Mirror
usemtl Magic Mirror
s 1
f 2/47/5 4/48/12 3/56/10 1/55/3
f 4/7/14 9/11/30 12/19/42 8/24/28
f 5/39/17 7/40/24 8/41/26 6/42/19
f 6/25/20 11/20/37 10/12/34 2/8/7
f 17//59 21//71 24//80 20//68
f 19//64 23//76 22//74 18//62
s 2
f 1/10/1 5/23/15 6/25/18 2/8/4
f 2/47/6 10/45/33 9/46/29 4/48/13
f 4/7/11 8/24/25 7/26/22 3/9/8
f 12/49/43 16/50/55 15/29/53 11/30/40
f 18//61 22//73 21//70 17//58
f 20//67 24//79 23//77 19//65
s 3
f 3/2/9 7/18/23 5/17/16 1/1/2
f 8/41/27 12/43/41 11/44/38 6/42/21
f 10/28/35 14/27/49 13/52/46 9/51/31
s 4
f 9/4/32 13/6/47 16/14/56 12/16/44
f 11/15/39 15/13/52 14/5/50 10/3/36
g Magic Mirror Base_Magic Mirror Back Front
usemtl Magic Mirror Back Front
s 3
f 17/38/57 20/36/66 19/35/63 18/37/60
g Magic Mirror Base_Magic Mirror Fondo
usemtl Magic Mirror Fondo
s 1
f 14/21/48 15/33/51 16/34/54 13/22/45
g Magic Mirror Base_Magic Mirror Front
usemtl Magic Mirror Front
s 3
f 22/53/72 23/54/75 24/32/78 21/31/69
