X: -9.74648
Z: 1.25 
Y: 2.32668
