X: -10.5144
Z: 1.43442
Y: 1.95198
