ручка крана в туалете 2
X: 9.68879
Z: 0.779053
Y: 2.22752
