ручка крана в туалете1
X: -9.67135
Z: 0.784036
Y: 2.23151
