X: 9.75548
Z: 0.542696
Y: 3.11585
