X: 11.7526
Z: 1.39946
Y: 1.96956