X: -10.8317
Z: -1.37101
Y: 1.39618
