дубликат
Vagon_Stateroom_Equipment_pocket_01
X: -6.35901
Z: -0.076517
Y: 2.09361

X: -6.35901
Z: -0.076517
Y: 3.11396
