нижн€€ полка
X: -6.35901 на глаз 
Z: -0.076517
Y: 2.09361
поворот 180

верхн€€
X: -6.35901 на глаз
Z: -0.076517
Y: 3.11396
поворот 180

нижн€€ полка 
X: -6.35901 на глаз
Z: -0.076517
Y: 2.09361

верхн€€
X: -6.35901 на глаз
Z: -0.076517
Y: 3.11396
z - y не мен€етс€ в любом купе только x