X: -9.00677
Z: -1.39936 
Y: 2.78501
