X: -9.31636
Z: -0.651721
Y: 1.67993
