X: -8.54514
Z: -1.33131
Y: 1.69358
