X: -7.89536
Z: 1.34123
Y: 3.07725
