
X: -7.93231
Z: 0.085074
Y: 2.53459
