X: -11.7968
Z: -0.408291
Y: 1.38389