X: 9.58208
Z: -1.25875
Y: 1.4

