X: -6.73497
Z: -0.454358
Y: 1.38

