X: -8.45431
Z: 0.319491
Y: 1.3876

