X: -9.21529
Z: 1.39506
Y: 2.89896
