X: -7.85258
Z: 1.02562
Y: 2.57185
