X: 10.5466
Z: 1.43442
Y: 1.95198
