X: 9.77643
Z: 1.25 
Y: 2.32668
