X: -9.72303
Z: 0.542696
Y: 3.11585
