X: -7.90756
Z: -1.32888
Y:  2.67765
