X: -10.5317
Z: -1.23533
Y: 3.05359