X: -10.4213
Z: -1.20337
Y: 3.16603