X: -10.3229
Z: -1.09337
Y: 3.09953