X: -10.5113
Z: -0.849557
Y: 2.01119 