X: -10.5509
Z: -1.10955
Y: 2.50265