X: -10.5071
Z: -0.654802
Y: 1.61642