X: -11.7527
Z: -1.39946
Y: 2.88004