X: -11.798
Z: 0.703584
Y: 2.51731
