X: -6.35293
Z: -0.379325
Y: 1.38384
