X: -2.79391
Z: -0.379325
Y: 1.38384
