X: -8.37585
Z: 0.030192
Y: 1.38

rot_y =-30.7