X: 11.6777
Z: -1.49692
Y: 1.38389

