X: -7.73974
Z: -1.25875
Y: 1.4

